SALARIOS POR RELAB
==================

# A tibble: 7 × 7
  relab n_ingresos ingreso_media ingreso_mediana ingreso_sd ingreso_p25 ingreso_p75
  <fct>      <dbl>         <dbl>           <dbl>      <dbl>       <dbl>       <dbl>
1 1           8656      1725380.        1032393.   2447693.     882333.    1554419.
2 2            569      3293350.        2630000    2331107.    1858333.    3985000 
3 3            559       686740.         781242     348886.     400000      930665.
4 4           4367      1209799.         800000    1939437.     400000     1255000 
5 5            472      2790981.        1500000    5073513.    1000000     3000000 
6 8              1       300000          300000         NA      300000      300000 
7 9              8       383750          180000     374545.     130000      600000 
